0 ISS (ZARYA)
1 25544U 98067A   21229.02041300  .00001425  00000-0  34094-4 0  9992
2 25544  51.6445  41.8866 0001308 316.4683 190.8971 15.48910118298027
0 HORYU 4
1 41340U 16012D   21228.89706226  .00000633  00000-0  40576-4 0  9995
2 41340  31.0044 141.5196 0013530  53.1536 307.0338 15.01964785301888
0 RAVAANA1
1 44329U 98067QE  21228.56592270  .00104033  00000-0  39638-3 0  9996
2 44329  51.6332 332.8729 0002705 332.6271  27.4590 15.86732525123676
0 UGUISU
1 44330U 98067QF  21228.65737451  .00095636  00000-0  38569-3 0  9990
2 44330  51.6284 333.3609 0002078 333.0448  27.0447 15.85597047123653
0 NEPALISAT1
1 44331U 98067QG  21228.69324640  .00102750  00000-0  39536-3 0  9998
2 44331  51.6303 332.1091 0002597 334.1460  25.9415 15.86536107123686
0 TSURU
1 47927U 98067SD  21228.77186208  .00009539  00000-0  16004-3 0  9993
2 47927  51.6433  40.5662 0001711 251.4588 108.6216 15.52528144 24141
0 MAYA-2
1 47929U 98067SF  21228.70441847  .00009599  00000-0  16085-3 0  9996
2 47929  51.6432  40.8655 0001815 246.8765 113.2034 15.52553247 24093
0 GUARANISAT-1
1 47931U 98067SH  21228.89614196  .00009836  00000-0  16450-3 0  9998
2 47931  51.6433  39.8978 0001854 247.6242 112.4551 15.52574119 24169

