C0 
00 4A 47 36 59 42 57 30 4A 47 36 59 4C 47 30 3E F0 FF F0 FF 00 00 01 33 33 00 00 00 00 00 AA AA AA 0B 58 0E 9A 0C 7E 0A 16 03 F6 08 AE 08 20 07 19 07 2D 06 FD 07 33 07 25 01 00 01 00 00 1D B9 A5 01 95 A6 07 FA FF 00 11 BB BB BB 00 00 00 00 00 00 00 00 00 00 00 00 00 00 00 00 00 00 00 00 00 00 00 00 00 00 00 00 C0 C0 
00 4A 47 36 59 42 57 30 4A 47 36 59 4C 47 30 3E F0 FF F0 FF 00 00 02 00 00 00 00 00 00 00 00 00 00 00 00 00 00 00 00 00 00 00 00 00 00 00 00 00 00 00 00 00 00 00 00 CC CC CC 00 00 00 00 00 00 44 44 33 33 00 03 00 00 00 AA AA AA 0B 12 0E 96 0D 10 0A E6 03 F5 09 C2 0A 2E 07 19 07 2D 06 FD 07 31 07 27 01 01 01 00 C0 C0 
00 4A 47 36 59 42 57 30 4A 47 36 59 4C 47 30 3E F0 FF F0 FF 00 00 03 00 1A BB A6 01 95 A6 07 FB FF 00 11 BB BB BB 00 00 00 00 00 00 00 00 00 00 00 00 00 00 00 00 00 00 00 00 00 00 00 00 00 00 00 00 00 00 00 00 00 00 00 00 00 00 00 00 00 00 00 00 00 00 00 00 00 00 00 00 00 00 00 00 00 00 00 00 CC CC CC A1 06 00 C0 C0 
00 4A 47 36 59 42 57 30 4A 47 36 59 4C 47 30 3E F0 FF F0 FF 00 00 04 0F 00 00 44 44 33 33 00 00 00 00 00 AA AA AA 0A EA 0E 78 0D 20 0B 00 03 F7 09 F2 0A 98 07 19 07 2D 06 FD 07 31 07 27 01 01 01 00 00 1D B9 A6 01 94 A6 07 F7 FF 00 11 BB BB BB 00 00 00 00 00 00 00 00 00 00 00 00 00 00 00 00 00 00 00 00 00 00 00 C0 C0 
00 4A 47 36 59 42 57 30 4A 47 36 59 4C 47 30 3E F0 FF F0 FF 00 00 05 00 00 00 00 00 00 00 00 00 00 00 00 00 00 00 00 00 00 00 00 00 00 00 00 00 00 00 00 00 00 00 00 00 00 00 00 00 CC CC CC 00 00 00 00 00 00 44 44 33 33 0B 03 00 00 00 AA AA AA 0A DA 0E 80 0D 3C 0B 18 03 F6 0A 00 0A C2 07 19 07 2D 06 FD 07 31 07 C0 C0 
00 4A 47 36 59 42 57 30 4A 47 36 59 4C 47 30 3E F0 FF F0 FF 00 00 01 33 33 00 00 00 00 00 AA AA AA 0B 58 0E 9A 0C 7E 0A 16 03 F6 08 AE 08 20 07 19 07 2D 06 FD 07 33 07 25 01 00 01 00 00 1D B9 A5 01 95 A6 07 FA FF 00 11 BB BB BB 00 00 00 00 00 00 00 00 00 00 00 00 00 00 00 00 00 00 00 00 00 00 00 00 00 00 00 00 C0 C0 
00 4A 47 36 59 42 57 30 4A 47 36 59 4C 47 30 3E F0 FF F0 FF 00 00 02 00 00 00 00 00 00 00 00 00 00 00 00 00 00 00 00 00 00 00 00 00 00 00 00 00 00 00 00 00 00 00 00 CC CC CC 00 00 00 00 00 00 44 44 33 33 00 03 00 00 00 AA AA AA 0B 12 0E 96 0D 10 0A E6 03 F5 09 C2 0A 2E 07 19 07 2D 06 FD 07 31 07 27 01 01 01 00 C0 C0 
00 4A 47 36 59 42 57 30 4A 47 36 59 4C 47 30 3E F0 FF F0 FF 00 00 03 00 1A BB A6 01 95 A6 07 FB FF 00 11 BB BB BB 00 00 00 00 00 00 00 00 00 00 00 00 00 00 00 00 00 00 00 00 00 00 00 00 00 00 00 00 00 00 00 00 00 00 00 00 00 00 00 00 00 00 00 00 00 00 00 00 00 00 00 00 00 00 00 00 00 00 00 00 CC CC CC A1 06 00 C0 C0 
00 4A 47 36 59 42 57 30 4A 47 36 59 4C 47 30 3E F0 FF F0 FF 00 00 04 0F 00 00 44 44 33 33 00 00 00 00 00 AA AA AA 0A EA 0E 78 0D 20 0B 00 03 F7 09 F2 0A 98 07 19 07 2D 06 FD 07 31 07 27 01 01 01 00 00 1D B9 A6 01 94 A6 07 F7 FF 00 11 BB BB BB 00 00 00 00 00 00 00 00 00 00 00 00 00 00 00 00 00 00 00 00 00 00 00 C0 C0 
00 4A 47 36 59 42 57 30 4A 47 36 59 4C 47 30 3E F0 FF F0 FF 00 00 05 00 00 00 00 00 00 00 00 00 00 00 00 00 00 00 00 00 00 00 00 00 00 00 00 00 00 00 00 00 00 00 00 00 00 00 00 00 CC CC CC 00 00 00 00 00 00 44 44 33 33 0B 03 00 00 00 AA AA AA 0A DA 0E 80 0D 3C 0B 18 03 F6 0A 00 0A C2 07 19 07 2D 06 FD 07 31 07 C0 C0 
00 4A 47 36 59 42 57 30 4A 47 36 59 4C 47 30 3E F0 FF F0 FF 00 00 01 33 33 00 00 00 00 00 AA AA AA 0B 58 0E 9A 0C 7E 0A 16 03 F6 08 AE 08 20 07 19 07 2D 06 FD 07 33 07 25 01 00 01 00 00 1D B9 A5 01 95 A6 07 FA FF 00 11 BB BB BB 00 00 00 00 00 00 00 00 00 00 00 00 00 00 00 00 00 00 00 00 00 00 00 00 00 00 00 00 C0 C0 
00 4A 47 36 59 42 57 30 4A 47 36 59 4C 47 30 3E F0 FF F0 FF 00 00 02 00 00 00 00 00 00 00 00 00 00 00 00 00 00 00 00 00 00 00 00 00 00 00 00 00 00 00 00 00 00 00 00 CC CC CC 00 00 00 00 00 00 44 44 33 33 00 03 00 00 00 AA AA AA 0B 12 0E 96 0D 10 0A E6 03 F5 09 C2 0A 2E 07 19 07 2D 06 FD 07 31 07 27 01 01 01 00 C0 C0 
00 4A 47 36 59 42 57 30 4A 47 36 59 4C 47 30 3E F0 FF F0 FF 00 00 03 00 1A BB A6 01 95 A6 07 FB FF 00 11 BB BB BB 00 00 00 00 00 00 00 00 00 00 00 00 00 00 00 00 00 00 00 00 00 00 00 00 00 00 00 00 00 00 00 00 00 00 00 00 00 00 00 00 00 00 00 00 00 00 00 00 00 00 00 00 00 00 00 00 00 00 00 00 CC CC CC A1 06 00 C0 C0 
00 4A 47 36 59 42 57 30 4A 47 36 59 4C 47 30 3E F0 FF F0 FF 00 00 04 0F 00 00 44 44 33 33 00 00 00 00 00 AA AA AA 0A EA 0E 78 0D 20 0B 00 03 F7 09 F2 0A 98 07 19 07 2D 06 FD 07 31 07 27 01 01 01 00 00 1D B9 A6 01 94 A6 07 F7 FF 00 11 BB BB BB 00 00 00 00 00 00 00 00 00 00 00 00 00 00 00 00 00 00 00 00 00 00 00 C0 C0 
00 4A 47 36 59 42 57 30 4A 47 36 59 4C 47 30 3E F0 FF F0 FF 00 00 05 00 00 00 00 00 00 00 00 00 00 00 00 00 00 00 00 00 00 00 00 00 00 00 00 00 00 00 00 00 00 00 00 00 00 00 00 00 CC CC CC 00 00 00 00 00 00 44 44 33 33 0B 03 00 00 00 AA AA AA 0A DA 0E 80 0D 3C 0B 18 03 F6 0A 00 0A C2 07 19 07 2D 06 FD 07 31 07 C0 C0 
00 4A 47 36 59 42 57 30 4A 47 36 59 4C 47 30 3E F0 FF F0 FF 00 00 01 33 33 00 00 00 00 00 AA AA AA 0B 58 0E 9A 0C 7E 0A 16 03 F6 08 AE 08 20 07 19 07 2D 06 FD 07 33 07 25 01 00 01 00 00 1D B9 A5 01 95 A6 07 FA FF 00 11 BB BB BB 00 00 00 00 00 00 00 00 00 00 00 00 00 00 00 00 00 00 00 00 00 00 00 00 00 00 00 00 C0 C0 
00 4A 47 36 59 42 57 30 4A 47 36 59 4C 47 30 3E F0 FF F0 FF 00 00 02 00 00 00 00 00 00 00 00 00 00 00 00 00 00 00 00 00 00 00 00 00 00 00 00 00 00 00 00 00 00 00 00 CC CC CC 00 00 00 00 00 00 44 44 33 33 00 03 00 00 00 AA AA AA 0B 12 0E 96 0D 10 0A E6 03 F5 09 C2 0A 2E 07 19 07 2D 06 FD 07 31 07 27 01 01 01 00 C0 C0 
00 4A 47 36 59 42 57 30 4A 47 36 59 4C 47 30 3E F0 FF F0 FF 00 00 03 00 1A BB A6 01 95 A6 07 FB FF 00 11 BB BB BB 00 00 00 00 00 00 00 00 00 00 00 00 00 00 00 00 00 00 00 00 00 00 00 00 00 00 00 00 00 00 00 00 00 00 00 00 00 00 00 00 00 00 00 00 00 00 00 00 00 00 00 00 00 00 00 00 00 00 00 00 CC CC CC A1 06 00 C0 C0 
00 4A 47 36 59 42 57 30 4A 47 36 59 4C 47 30 3E F0 FF F0 FF 00 00 04 0F 00 00 44 44 33 33 00 00 00 00 00 AA AA AA 0A EA 0E 78 0D 20 0B 00 03 F7 09 F2 0A 98 07 19 07 2D 06 FD 07 31 07 27 01 01 01 00 00 1D B9 A6 01 94 A6 07 F7 FF 00 11 BB BB BB 00 00 00 00 00 00 00 00 00 00 00 00 00 00 00 00 00 00 00 00 00 00 00 C0 C0 
00 4A 47 36 59 42 57 30 4A 47 36 59 4C 47 30 3E F0 FF F0 FF 00 00 05 00 00 00 00 00 00 00 00 00 00 00 00 00 00 00 00 00 00 00 00 00 00 00 00 00 00 00 00 00 00 00 00 00 00 00 00 00 CC CC CC 00 00 00 00 00 00 44 44 33 33 0B 03 00 00 00 AA AA AA 0A DA 0E 80 0D 3C 0B 18 03 F6 0A 00 0A C2 07 19 07 2D 06 FD 07 31 07 C0 C0 
00 4A 47 36 59 42 57 30 4A 47 36 59 4C 47 30 3E F0 FF F0 FF 00 00 01 33 33 00 00 00 00 00 AA AA AA 0B 58 0E 9A 0C 7E 0A 16 03 F6 08 AE 08 20 07 19 07 2D 06 FD 07 33 07 25 01 00 01 00 00 1D B9 A5 01 95 A6 07 FA FF 00 11 BB BB BB 00 00 00 00 00 00 00 00 00 00 00 00 00 00 00 00 00 00 00 00 00 00 00 00 00 00 00 00 C0 C0 
00 4A 47 36 59 42 57 30 4A 47 36 59 4C 47 30 3E F0 FF F0 FF 00 00 02 00 00 00 00 00 00 00 00 00 00 00 00 00 00 00 00 00 00 00 00 00 00 00 00 00 00 00 00 00 00 00 00 CC CC CC 00 00 00 00 00 00 44 44 33 33 00 03 00 00 00 AA AA AA 0B 12 0E 96 0D 10 0A E6 03 F5 09 C2 0A 2E 07 19 07 2D 06 FD 07 31 07 27 01 01 01 00 C0 C0 
00 4A 47 36 59 42 57 30 4A 47 36 59 4C 47 30 3E F0 FF F0 FF 00 00 03 00 1A BB A6 01 95 A6 07 FB FF 00 11 BB BB BB 00 00 00 00 00 00 00 00 00 00 00 00 00 00 00 00 00 00 00 00 00 00 00 00 00 00 00 00 00 00 00 00 00 00 00 00 00 00 00 00 00 00 00 00 00 00 00 00 00 00 00 00 00 00 00 00 00 00 00 00 CC CC CC A1 06 00 C0 C0 
00 4A 47 36 59 42 57 30 4A 47 36 59 4C 47 30 3E F0 FF F0 FF 00 00 04 0F 00 00 44 44 33 33 00 00 00 00 00 AA AA AA 0A EA 0E 78 0D 20 0B 00 03 F7 09 F2 0A 98 07 19 07 2D 06 FD 07 31 07 27 01 01 01 00 00 1D B9 A6 01 94 A6 07 F7 FF 00 11 BB BB BB 00 00 00 00 00 00 00 00 00 00 00 00 00 00 00 00 00 00 00 00 00 00 00 C0 C0 
00 4A 47 36 59 42 57 30 4A 47 36 59 4C 47 30 3E F0 FF F0 FF 00 00 05 00 00 00 00 00 00 00 00 00 00 00 00 00 00 00 00 00 00 00 00 00 00 00 00 00 00 00 00 00 00 00 00 00 00 00 00 00 CC CC CC 00 00 00 00 00 00 44 44 33 33 0B 03 00 00 00 AA AA AA 0A DA 0E 80 0D 3C 0B 18 03 F6 0A 00 0A C2 07 19 07 2D 06 FD 07 31 07 C0 C0 
00 4A 47 36 59 42 57 30 4A 47 36 59 4C 47 30 3E F0 FF F0 FF 00 00 01 33 33 00 00 00 00 00 AA AA AA 0B 58 0E 9A 0C 7E 0A 16 03 F6 08 AE 08 20 07 19 07 2D 06 FD 07 33 07 25 01 00 01 00 00 1D B9 A5 01 95 A6 07 FA FF 00 11 BB BB BB 00 00 00 00 00 00 00 00 00 00 00 00 00 00 00 00 00 00 00 00 00 00 00 00 00 00 00 00 C0 C0 
00 4A 47 36 59 42 57 30 4A 47 36 59 4C 47 30 3E F0 FF F0 FF 00 00 02 00 00 00 00 00 00 00 00 00 00 00 00 00 00 00 00 00 00 00 00 00 00 00 00 00 00 00 00 00 00 00 00 CC CC CC 00 00 00 00 00 00 44 44 33 33 00 03 00 00 00 AA AA AA 0B 12 0E 96 0D 10 0A E6 03 F5 09 C2 0A 2E 07 19 07 2D 06 FD 07 31 07 27 01 01 01 00 C0 C0 
00 4A 47 36 59 42 57 30 4A 47 36 59 4C 47 30 3E F0 FF F0 FF 00 00 03 00 1A BB A6 01 95 A6 07 FB FF 00 11 BB BB BB 00 00 00 00 00 00 00 00 00 00 00 00 00 00 00 00 00 00 00 00 00 00 00 00 00 00 00 00 00 00 00 00 00 00 00 00 00 00 00 00 00 00 00 00 00 00 00 00 00 00 00 00 00 00 00 00 00 00 00 00 CC CC CC A1 06 00 C0 C0 
00 4A 47 36 59 42 57 30 4A 47 36 59 4C 47 30 3E F0 FF F0 FF 00 00 04 0F 00 00 44 44 33 33 00 00 00 00 00 AA AA AA 0A EA 0E 78 0D 20 0B 00 03 F7 09 F2 0A 98 07 19 07 2D 06 FD 07 31 07 27 01 01 01 00 00 1D B9 A6 01 94 A6 07 F7 FF 00 11 BB BB BB 00 00 00 00 00 00 00 00 00 00 00 00 00 00 00 00 00 00 00 00 00 00 00 C0 C0 
00 4A 47 36 59 42 57 30 4A 47 36 59 4C 47 30 3E F0 FF F0 FF 00 00 05 00 00 00 00 00 00 00 00 00 00 00 00 00 00 00 00 00 00 00 00 00 00 00 00 00 00 00 00 00 00 00 00 00 00 00 00 00 CC CC CC 00 00 00 00 00 00 44 44 33 33 0B 03 00 00 00 AA AA AA 0A DA 0E 80 0D 3C 0B 18 03 F6 0A 00 0A C2 07 19 07 2D 06 FD 07 31 07 C0 