0 ISS (ZARYA)
1 25544U 98067A   21257.61034201 -.00037169  00000-0 -68432-3 0  9998
2 25544  51.6439 260.5598 0003271   9.3375 150.6685 15.48384157302456
0 HORYU 4
1 41340U 16012D   21256.54291338  .00000965  00000-0  65218-4 0  9999
2 41340  31.0056 325.3310 0013786 327.9658  32.0139 15.02008643306041
0 RAAVANA 1
1 44329U 98067QE  21257.20808849  .00329952  55312-4  73616-3 0  9994
2 44329  51.6284 182.0454 0003250 173.4351 186.6701 15.97301395128236
0 UGUISU
1 44330U 98067QF  21257.20247595  .00273362  40261-4  69908-3 0  9990
2 44330  51.6236 183.3791 0003028 172.5873 187.5180 15.94838498128197
0 NEPALISAT1
1 44331U 98067QG  21257.15264447  .00311136  50011-4  71708-3 0  9997
2 44331  51.6253 182.3037 0003322 173.4494 186.6558 15.96723238128214
0 TSURU
1 47927U 98067SD  21256.25145080  .00014301  00000-0  23030-3 0  9990
2 47927  51.6412 263.8500 0002790  21.9764 338.1346 15.53216218 28418
0 MAYA-2
1 47929U 98067SF  21256.24791152  .00014106  00000-0  22707-3 0  9991
2 47929  51.6413 263.8262 0002803  19.1917 340.9178 15.53241128 28377
0 GUARANISAT-1
1 47931U 98067SH  21256.43924425  .00014260  00000-0  22926-3 0  9990
2 47931  51.6413 262.8563 0002802  19.2685 340.8411 15.53264991 28445
